MediaWedge3_Subset
ORIGINATOR       "FOGRA, www.fogra.org"
DESCRIPTOR       "FOGRA30_MW3_Subset"
CREATED          "August 2008"
INSTRUMENTATION  "D50, 2 degree, geometry 45/0, no polarisation filter, white backing"
MEASUREMENT_SOURCE "GAS-FILLED TUNGSTEN"
PRINT_CONDITIONS "Offset printing according to ISO/DIS 12647-2:2003, OFCOM,  paper type 5 = slightly yellowish, uncoated, 120 g/m2, screen ruling 60 cm-1, positive-acting plates, see readme"
NUMBER_OF_FIELDS 8
BEGIN_DATA_FORMAT
SAMPLE_ID CMYK_C CMYK_M CMYK_Y CMYK_K LAB_L LAB_A LAB_B
END_DATA_FORMAT
NUMBER_OF_SETS 72
BEGIN_DATA
1	100	0	0	0	58.04	-25.68	-40.192	70	0	0	0	68.05	-21.96	-30.173	40	0	0	0	79.98	-14.64	-16.614	20	0	0	0	88.02	-8.09	-6.555	10	0	0	0	92.05	-4.45	-1.306	0	100	0	0	53.04	59.94	4.467	0	70	0	0	62.73	45.11	0.438	0	40	0	0	76.19	25.80	-0.579	0	20	0	0	85.98	12.46	1.1510	0	10	0	0	91.03	5.71	2.4611	0	0	100	0	89.16	-1.01	80.5212	0	0	70	0	91.06	-2.95	62.2113	0	0	40	0	93.33	-3.53	37.7414	0	0	20	0	94.70	-2.56	20.8815	0	0	10	0	95.36	-1.74	12.2016	0	0	0	10	88.91	-0.67	3.5317	0	0	0	20	81.91	-0.58	3.2118	0	0	0	40	67.88	-0.21	2.7119	0	0	0	60	53.90	0.34	2.2920	0	0	0	80	40.94	1.07	2.1221	0	0	0	100	29.44	1.84	2.0922	0	100	0	100	29.21	4.42	5.9823	0	70	70	60	39.12	12.26	10.1724	0	0	70	80	38.22	-1.27	8.5625	100	100	0	0	37.53	8.26	-22.0626	70	70	0	0	47.46	9.74	-21.8427	40	40	0	0	64.69	7.41	-16.1128	20	20	0	0	79.18	4.12	-7.8829	10	10	0	0	87.42	1.83	-2.3130	0	100	100	0	51.03	55.95	30.1231	0	70	70	0	59.69	43.49	28.9432	0	40	40	0	73.90	24.34	23.2033	0	20	20	0	84.76	11.22	15.6434	0	10	10	0	90.43	4.95	10.1735	100	0	100	0	50.64	-39.11	16.7536	70	0	70	0	62.05	-32.14	17.9137	40	0	40	0	76.72	-19.97	14.3738	20	0	20	0	86.55	-10.40	9.8539	10	0	10	0	91.38	-5.49	6.9040	10	6	6	0	88.89	-1.27	2.7241	20	12	12	0	81.96	-2.13	1.4642	40	27	27	0	67.77	-2.88	0.4943	60	45	45	0	54.66	-3.46	-0.0644	80	65	65	0	43.89	-3.29	-0.3345	100	85	85	0	37.00	-4.24	-1.0446	100	0	0	100	27.46	2.72	-0.4647	20	100	70	60	34.88	13.84	6.6048	70	0	70	80	33.84	-4.72	2.9349	100	100	100	0	34.86	-0.84	0.4450	70	70	70	0	44.24	2.50	3.2351	40	40	40	0	62.20	3.42	5.9052	20	20	20	0	77.85	2.22	6.0853	10	10	10	0	86.78	0.90	5.2554	20	70	70	0	54.95	30.61	20.8855	40	70	70	20	45.89	13.74	10.8156	40	100	100	20	39.37	21.59	11.7557	40	100	40	20	41.33	25.48	1.3058	40	40	100	20	51.30	0.95	25.4659	100	40	100	20	40.09	-16.61	6.7160	100	40	40	20	43.29	-13.56	-10.6361	100	100	40	20	35.13	3.55	-8.9862	10	40	40	0	71.01	19.00	18.8563	0	40	100	0	69.90	26.50	53.2564	0	100	40	0	52.58	57.54	15.1665	40	100	0	0	45.31	36.29	-8.9766	40	0	100	0	71.61	-21.10	50.5067	100	0	40	0	55.21	-35.06	-12.5068	100	40	0	0	49.10	-10.90	-33.8969	0	0	0	0	95.93	-0.77	3.8570	0	0	100	100	28.60	-0.88	1.0571	0	70	0	60	41.79	16.41	0.9772	70	0	0	80	35.68	-2.08	-3.51
END_DATA
