MediaWedge3_Subset
ORIGINATOR "Fogra, www.fogra.org"
DESCRIPTOR "FOGRA41_MW3_Subset"
CREATED    "August 2008"
INSTRUMENTATION "D50, 2 degree, geometry 45/0, no polarisation filter, white backing, according to ISO 13655"
PRINT_CONDITIONS "Offset printing, based on ISO 12647-2:2004, OFCOM, paper type MFC (machine finished coated), tone value increase curves B (CMY) and C (K)"
NUMBER_OF_FIELDS 8
BEGIN_DATA_FORMAT
SAMPLE_ID CMYK_C CMYK_M CMYK_Y CMYK_K LAB_L LAB_A LAB_B
END_DATA_FORMAT
NUMBER_OF_SETS 72
BEGIN_DATA
1	100	0	0	0	55.45	-33.34	-41.642	70	0	0	0	64.83	-24.40	-30.563	40	0	0	0	75.95	-13.78	-17.114	20	0	0	0	83.26	-6.68	-8.025	10	0	0	0	86.83	-3.25	-3.676	0	100	0	0	48.73	66.93	-1.997	0	70	0	0	59.06	48.03	-4.318	0	40	0	0	72.43	25.99	-4.039	0	20	0	0	81.52	12.40	-1.9910	0	10	0	0	85.96	6.09	-0.7611	0	0	100	0	84.10	-2.05	81.2812	0	0	70	0	85.52	-2.99	58.5213	0	0	40	0	87.42	-2.60	32.1214	0	0	20	0	88.84	-1.50	15.7015	0	0	10	0	89.56	-0.71	7.9116	0	0	0	10	84.24	0.15	0.5017	0	0	0	20	78.05	0.16	0.5618	0	0	0	40	65.02	0.22	0.7319	0	0	0	60	51.46	0.43	1.0620	0	0	0	80	37.38	0.67	1.6421	0	0	0	100	23.70	1.04	2.3122	0	100	0	100	16.60	13.91	2.1723	0	70	70	60	33.31	22.60	17.7724	0	0	70	80	35.21	-1.71	19.7725	100	100	0	0	28.12	17.44	-38.2726	70	70	0	0	41.26	15.60	-31.0427	40	40	0	0	60.57	9.81	-19.7928	20	20	0	0	75.20	5.19	-10.0429	10	10	0	0	82.72	2.69	-4.8330	0	100	100	0	48.05	62.03	38.6231	0	70	70	0	57.00	44.57	33.8232	0	40	40	0	70.46	23.62	22.0133	0	20	20	0	80.38	10.97	11.8334	0	10	10	0	85.38	5.38	6.2435	100	0	100	0	50.08	-52.35	24.2136	70	0	70	0	60.31	-36.09	21.0937	40	0	40	0	73.20	-18.64	13.0338	20	0	20	0	81.89	-8.54	6.7039	10	0	10	0	86.15	-4.08	3.5440	10	6	6	0	84.03	-0.25	-0.2141	20	12	12	0	77.78	-0.86	-1.0442	40	27	27	0	64.29	-1.48	-1.4043	60	45	45	0	50.66	-1.97	-0.9444	80	65	65	0	38.75	-2.67	-1.5345	100	85	85	0	29.97	-3.54	-3.9846	100	0	0	100	17.52	-5.26	-5.6647	20	100	70	60	26.25	26.59	10.3348	70	0	70	80	26.90	-13.19	7.9249	100	100	100	0	27.52	2.06	-3.0850	70	70	70	0	39.33	5.90	3.4551	40	40	40	0	58.67	5.40	5.2752	20	20	20	0	74.05	3.39	3.4853	10	10	10	0	82.13	1.80	2.1054	20	70	70	0	52.01	34.65	25.1355	40	70	70	20	40.59	19.94	13.8056	40	100	100	20	33.69	33.14	16.4857	40	100	40	20	33.97	36.22	-1.2858	40	40	100	20	48.51	2.97	33.8059	100	40	100	20	35.36	-25.27	9.9260	100	40	40	20	36.66	-19.23	-14.7561	100	100	40	20	24.91	7.86	-18.0062	10	40	40	0	67.66	19.30	17.9863	0	40	100	0	67.83	23.85	60.9664	0	100	40	0	48.45	63.88	15.4865	40	100	0	0	39.54	46.64	-18.6666	40	0	100	0	69.69	-20.34	56.6767	100	0	40	0	53.01	-45.03	-12.8468	100	40	0	0	43.97	-12.80	-40.8869	0	0	0	0	90.38	0.14	0.4570	0	0	100	100	22.48	-1.59	12.8271	0	70	0	60	34.75	25.65	-2.0372	70	0	0	80	28.26	-8.48	-8.98
END_DATA
