MediaWedge3_Subset
ORIGINATOR 	 "FOGRA, www.fogra.org"
DESCRIPTOR       "FOGRA31_MW3_Subset"
CREATED          "August 2008"
INSTRUMENTATION  "D50, 2 degree, geometry 45/0, no polarisation filter, white backing"
PRINT_CONDITIONS "Continuous forms printing according to ISO/DIS 12647-2:2003, OFCOF,  paper type 2 = matt coated offset, 115 g/m2, screen ruling 60 cm-1, positive-acting plates"
NUMBER_OF_FIELDS 8
BEGIN_DATA_FORMAT
SAMPLE_ID CMYK_C CMYK_M CMYK_Y CMYK_K LAB_L LAB_A LAB_B
END_DATA_FORMAT
NUMBER_OF_SETS 72
BEGIN_DATA
1	100	0	0	0	55.80	-38.15	-49.892	70	0	0	0	64.39	-28.78	-39.843	40	0	0	0	77.98	-15.03	-24.114	20	0	0	0	86.54	-7.01	-14.295	10	0	0	0	90.85	-3.10	-9.386	0	100	0	0	47.48	73.86	-4.677	0	70	0	0	56.51	56.73	-7.498	0	40	0	0	73.48	29.42	-8.449	0	20	0	0	84.32	14.44	-6.8910	0	10	0	0	89.79	7.28	-5.8011	0	0	100	0	89.20	-5.26	89.1212	0	0	70	0	90.10	-5.70	67.2713	0	0	40	0	92.06	-4.07	33.3414	0	0	20	0	93.48	-1.90	13.7315	0	0	10	0	94.24	-0.64	4.2516	0	0	0	10	87.84	0.40	-4.7417	0	0	0	20	80.59	0.17	-4.8118	0	0	0	40	65.68	-0.13	-4.5419	0	0	0	60	49.14	-0.15	-3.5720	0	0	0	80	30.23	0.19	-1.8721	0	0	0	100	18.50	0.53	-0.5122	0	100	0	100	14.68	12.87	2.5523	0	70	70	60	30.57	22.51	16.6124	0	0	70	80	30.56	-3.40	16.3025	100	100	0	0	25.03	18.29	-44.7926	70	70	0	0	36.69	17.39	-37.8227	40	40	0	0	60.26	10.54	-25.4528	20	20	0	0	76.92	6.00	-15.7929	10	10	0	0	85.95	3.36	-10.3030	0	100	100	0	47.60	66.76	43.5931	0	70	70	0	55.17	51.55	37.7732	0	40	40	0	71.55	25.97	21.8633	0	20	20	0	83.10	12.33	9.6634	0	10	10	0	89.14	6.14	2.6635	100	0	100	0	49.61	-65.07	26.5436	70	0	70	0	59.25	-46.04	22.7037	40	0	40	0	74.99	-21.85	11.2438	20	0	20	0	85.07	-9.89	3.4839	10	0	10	0	90.13	-4.44	-0.6140	10	6	6	0	87.56	-0.06	-4.9241	20	12	12	0	80.12	-1.03	-5.3942	40	27	27	0	64.51	-2.39	-4.4343	60	45	45	0	48.76	-5.45	-3.2944	80	65	65	0	33.92	-7.64	-1.4245	100	85	85	0	24.82	-7.28	-1.1546	100	0	0	100	13.88	-6.45	-10.1047	20	100	70	60	24.36	25.11	9.9648	70	0	70	80	23.04	-14.46	5.8349	100	100	100	0	22.55	-2.67	0.4850	70	70	70	0	34.42	3.45	4.4151	40	40	40	0	58.22	4.98	3.6252	20	20	20	0	75.68	3.48	0.3053	10	10	10	0	85.29	2.13	-1.9854	20	70	70	0	49.36	40.37	28.5055	40	70	70	20	37.26	22.56	15.7556	40	100	100	20	31.03	34.65	18.7857	40	100	40	20	31.36	38.85	-1.9358	40	40	100	20	47.42	1.47	37.7059	100	40	100	20	32.85	-33.71	12.7060	100	40	40	20	34.82	-25.13	-17.1561	100	100	40	20	21.57	5.18	-19.4062	10	40	40	0	68.33	21.12	17.4563	0	40	100	0	69.47	24.84	67.1464	0	100	40	0	47.63	69.85	16.0865	40	100	0	0	36.67	52.39	-22.8766	40	0	100	0	71.89	-25.00	62.5267	100	0	40	0	52.86	-53.97	-17.0668	100	40	0	0	42.80	-16.50	-47.8769	0	0	0	0	95.02	0.64	-4.6670	0	0	100	100	20.78	-3.00	9.0571	0	70	0	60	30.64	27.91	-4.2172	70	0	0	80	22.37	-8.81	-12.62
END_DATA
