MediaWedge3_Subset
ORIGINATOR 	 "FOGRA, www.fogra.org"
DESCRIPTOR       "FOGRA32_MW3_Subset"
CREATED          "August 2008"
INSTRUMENTATION  "D50, 2 degree, geometry 45/0, no polarisation filter, white backing"
PRINT_CONDITIONS "Continuous forms printing according to ISO/DIS 12647-2:2003, OFCOF,  paper type 4 = white, uncoated, 80 g/m2, screen ruling 54 cm-1, positive-acting plates"
NUMBER_OF_FIELDS 8
BEGIN_DATA_FORMAT
SAMPLE_ID CMYK_C CMYK_M CMYK_Y CMYK_K LAB_L LAB_A LAB_B
END_DATA_FORMAT
NUMBER_OF_SETS 72
BEGIN_DATA
1	100	0	0	0	57.59	-27.27	-44.282	70	0	0	0	64.65	-23.00	-37.233	40	0	0	0	76.89	-14.25	-24.114	20	0	0	0	85.78	-7.35	-14.135	10	0	0	0	90.58	-3.39	-8.526	0	100	0	0	55.31	59.12	-5.847	0	70	0	0	60.57	49.95	-7.418	0	40	0	0	73.60	30.13	-7.519	0	20	0	0	83.89	15.87	-5.6910	0	10	0	0	89.61	8.16	-4.3611	0	0	100	0	88.79	-2.44	76.6112	0	0	70	0	89.69	-3.29	64.0013	0	0	40	0	91.87	-3.15	36.9114	0	0	20	0	93.58	-1.75	17.6515	0	0	10	0	94.44	-0.67	7.4116	0	0	0	10	87.15	0.57	-2.4417	0	0	0	20	79.01	0.55	-2.0118	0	0	0	40	63.54	0.69	-1.0019	0	0	0	60	48.32	1.08	0.1820	0	0	0	80	34.12	1.78	1.4521	0	0	0	100	29.31	2.09	1.9222	0	100	0	100	27.30	5.19	2.9323	0	70	70	60	34.64	12.01	8.2224	0	0	70	80	32.53	-1.16	6.4425	100	100	0	0	38.35	5.95	-34.5726	70	70	0	0	44.24	9.66	-31.8627	40	40	0	0	60.51	9.56	-24.0728	20	20	0	0	75.76	6.49	-15.4429	10	10	0	0	85.22	3.87	-9.5530	0	100	100	0	52.94	54.42	28.7531	0	70	70	0	57.60	46.50	27.0932	0	40	40	0	70.98	27.57	20.6133	0	20	20	0	82.29	14.08	11.7334	0	10	10	0	88.76	7.10	5.1535	100	0	100	0	51.51	-43.80	14.7336	70	0	70	0	58.71	-36.32	16.1537	40	0	40	0	73.11	-21.44	11.5838	20	0	20	0	83.80	-10.52	5.5039	10	0	10	0	89.60	-4.84	1.5740	10	6	6	0	86.81	0.11	-3.3741	20	12	12	0	78.65	-0.84	-4.2042	40	27	27	0	63.32	-2.11	-4.2443	60	45	45	0	50.19	-4.22	-4.4544	80	65	65	0	40.48	-6.19	-4.2245	100	85	85	0	35.66	-6.23	-3.1846	100	0	0	100	25.46	0.88	-2.3547	20	100	70	60	31.83	10.67	5.0448	70	0	70	80	28.05	-3.84	1.7949	100	100	100	0	35.07	-5.20	-2.5850	70	70	70	0	40.85	0.32	-0.7951	40	40	40	0	57.78	4.06	1.6452	20	20	20	0	74.08	3.83	1.1853	10	10	10	0	84.34	2.54	-0.2754	20	70	70	0	52.06	31.69	17.6555	40	70	70	20	41.76	13.44	7.2656	40	100	100	20	38.65	18.18	8.7557	40	100	40	20	40.15	20.72	-3.4258	40	40	100	20	47.53	0.98	19.0459	100	40	100	20	38.20	-17.60	4.0560	100	40	40	20	40.09	-14.04	-11.9561	100	100	40	20	33.91	-0.26	-13.1962	10	40	40	0	67.54	21.36	15.5963	0	40	100	0	68.25	27.90	48.1164	0	100	40	0	54.29	55.82	11.6265	40	100	0	0	46.24	32.62	-21.6066	40	0	100	0	69.57	-23.47	44.0567	100	0	40	0	54.26	-39.17	-11.9868	100	40	0	0	47.31	-9.87	-39.5769	0	0	0	0	95.28	0.61	-2.8670	0	0	100	100	28.22	-1.15	3.4671	0	70	0	60	37.06	16.20	-2.0472	70	0	0	80	29.28	-0.95	-3.69
END_DATA