MediaWedge3_Subset
ORIGINATOR "Fogra, www.fogra.org"
DESCRIPTOR "FOGRA44_MW3_Subset"
CREATED    "August 2008"
INSTRUMENTATION "D50, 2 degree, geometry 45/0, no polarisation filter, white backing, according to ISO 13655"
PRINT_CONDITIONS "Offset printing, according to ISO 12647-2:2004/Amd1, OFCOM, paper type 4 = uncoated white, 115 g/m2, non-periodic screening, tone value increase curves F (CMYK)"
NUMBER_OF_FIELDS 8
BEGIN_DATA_FORMAT
SAMPLE_ID CMYK_C CMYK_M CMYK_Y CMYK_K LAB_L LAB_A LAB_B
END_DATA_FORMAT
NUMBER_OF_SETS 72
BEGIN_DATA
1	100	0	0	0	60.00	-26.00	-44.002	70	0	0	0	67.62	-24.94	-36.163	40	0	0	0	77.50	-18.32	-24.964	20	0	0	0	85.69	-10.45	-14.895	10	0	0	0	90.25	-5.47	-8.726	0	100	0	0	56.00	61.00	-1.007	0	70	0	0	62.51	52.46	-6.438	0	40	0	0	73.21	36.58	-8.069	0	20	0	0	83.16	20.58	-6.1210	0	10	0	0	88.93	10.75	-4.1911	0	0	100	0	89.00	-4.00	78.0012	0	0	70	0	91.53	-4.06	64.5613	0	0	40	0	93.63	-4.09	42.3014	0	0	20	0	94.70	-2.52	22.1515	0	0	10	0	94.90	-1.31	10.4016	0	0	0	10	86.82	0.13	-1.6217	0	0	0	20	78.77	0.25	-1.2418	0	0	0	40	63.79	0.49	-0.5419	0	0	0	60	50.71	0.69	0.0820	0	0	0	80	40.01	0.86	0.5821	0	0	0	100	31.00	1.00	1.0022	0	100	0	100	28.27	4.68	3.6923	0	70	70	60	38.13	11.59	6.0424	0	0	70	80	37.62	-1.97	7.0025	100	100	0	0	38.00	8.00	-31.0026	70	70	0	0	47.08	10.09	-30.5227	40	40	0	0	60.68	10.16	-25.6328	20	20	0	0	74.90	7.38	-17.1829	10	10	0	0	84.24	4.33	-10.3830	0	100	100	0	54.00	55.00	26.0031	0	70	70	0	60.11	48.72	23.5732	0	40	40	0	71.32	33.45	19.1433	0	20	20	0	82.05	18.44	12.7934	0	10	10	0	88.33	9.45	6.6135	100	0	100	0	54.00	-44.00	14.0036	70	0	70	0	62.22	-39.08	15.1537	40	0	40	0	74.24	-27.27	12.5638	20	0	20	0	84.17	-14.82	7.3139	10	0	10	0	89.55	-7.56	3.1540	10	6	6	0	86.12	-0.62	-3.1541	20	12	12	0	78.11	-1.83	-4.7142	40	27	27	0	63.66	-3.07	-5.9843	60	45	45	0	52.33	-3.86	-7.0044	80	65	65	0	43.68	-3.66	-6.9145	100	85	85	0	36.27	-3.48	-4.3846	100	0	0	100	26.48	1.10	-3.4747	20	100	70	60	34.46	11.32	3.2748	70	0	70	80	33.16	-5.92	1.5149	100	100	100	0	33.00	0.00	0.0050	70	70	70	0	43.74	0.87	-3.6051	40	40	40	0	58.47	3.49	-1.3852	20	20	20	0	73.45	3.83	0.2953	10	10	10	0	83.61	2.54	-0.0354	20	70	70	0	53.76	29.90	12.9455	40	70	70	20	44.48	11.63	3.7356	40	100	100	20	38.86	16.78	6.6857	40	100	40	20	41.57	20.37	-4.2358	40	40	100	20	48.32	-0.68	16.3559	100	40	100	20	39.84	-14.98	3.8160	100	40	40	20	43.32	-11.78	-13.4861	100	100	40	20	34.99	2.95	-13.5962	10	40	40	0	67.56	24.55	13.1563	0	40	100	0	67.39	32.21	44.0964	0	100	40	0	55.85	58.18	11.9965	40	100	0	0	46.18	31.46	-17.7666	40	0	100	0	69.10	-30.63	42.8667	100	0	40	0	57.60	-38.29	-12.4568	100	40	0	0	49.08	-6.97	-40.2969	0	0	0	0	95.00	0.00	-2.0070	0	0	100	100	28.62	-2.56	3.2271	0	70	0	60	40.70	16.02	-2.7372	70	0	0	80	34.86	-2.67	-4.77
END_DATA
